inputs 19
TrijetPtDR
TrijetDijetPtDR
TrijetBjetMass
TrijetLdgJetBDisc
TrijetSubldgJetBDisc
TrijetBJetLdgJetMass
TrijetBJetSubldgJetMass
TrijetMass
TrijetDijetMass
TrijetBJetBDisc
TrijetSoftDrop_n2
TrijetLdgJetCvsL
TrijetSubldgJetCvsL
TrijetLdgJetPtD
TrijetSubldgJetPtD
TrijetLdgJetAxis2
TrijetSubldgJetAxis2
TrijetLdgJetMult
TrijetSubldgJetMult
scalerType None
layers 8
Dense
19 32
[ -0.04515429 -0.1541313  -0.03018065 -0.07184685 -0.09739362  0.04487532
 -0.02694311 -0.8315485  -0.07495429 -0.03534349 -0.15177621  0.03698052
  0.05048093 -0.14196384 -0.2365711  -0.0261602  -0.16195868 -0.01062981
 -0.04052632 -0.05482377 -0.27121866 -0.08971786 -0.02541132 -0.18651362
 -0.01892879 -0.10066003 -0.08953156 -0.30328763 -0.07859665 -0.06976695
 -0.02240424 -0.21823551 ]
[ 0.01235747 -0.24148563  0.04050486 -0.003267    0.11160135 -0.21730223
  0.05749575 -0.19942851  0.01164779 -0.46226647  0.05585918 -0.03174694
 -0.17902589 -0.01303255  0.28441086 -0.05411007 -0.12578025 -0.12257543
  0.31057903  0.03998905  0.26873255 -0.5295364  -0.03603589 -0.3162242
 -0.02239595  0.22204608 -0.35088995 -0.27890697 -0.08532587 -0.26063684
 -0.07565432 -0.14656341 ]
[ 0.89612824 -0.14817753  0.17584217  0.16751169 -2.0443149   0.1183193
  0.7598252  -0.47088444 -0.82097274 -0.69106907 -0.02880567 -0.1429778
  1.3983257  -0.38493818 -0.81640255 -0.1992529   0.84911084  1.787028
  0.68732923 -1.7723215  -0.58166796 -0.34391344  0.77222407 -0.10885037
 -0.34154633 -0.02982258 -0.03737199 -0.30699676  0.07654848 -0.9207783
  0.00810393 -0.05041013 ]
[ 0.65896857 -0.16295518  4.093424   -3.4235117   4.449014    0.21536592
 -1.0001061   1.0271788   0.81824523 -0.5792609   0.12518203 -0.2584982
 -0.38336226  0.22204992  1.1536584  -0.17684594 -0.918791   -6.333921
 -1.1527531  -4.903831    0.37183934  4.8621607  -3.8049967  -1.7757895
 -1.361608    0.9074523   1.9165373   0.09604499 -0.47888327 -0.7957915
 -0.2656616   0.5476309 ]
[ -1.0531305e+00  1.1905351e-01  1.7707064e+00  3.2366526e+00
  2.2022545e-01 -2.1880645e-01  2.0083792e+00 -3.4744295e-01
  7.0767021e-03  3.9811537e-01  3.3638075e-01  1.1098876e+00
 -2.1581291e-03  3.5082942e-01 -3.4360164e-01  2.3360986e-01
 -2.8405306e+00 -4.9706039e+00 -6.4381468e-01  1.4986454e+00
 -2.1549605e-03 -7.1641617e+00 -2.6207545e+00  6.4282548e-01
  1.6473014e-02 -4.4818774e-01 -5.8041042e-01 -7.2730094e-02
  1.0656217e-01  7.3677832e-01  4.9363371e-02 -4.1052651e+00 ]
[ -0.1376178  -0.10650583  0.04855464 -0.34073827  0.04913014 -0.2917327
 -0.1362024   0.28635803 -0.24230815 -0.12450461 -0.32517266  0.45319706
 -0.33566833  0.01288024 -0.35944393 -0.21730846 -0.1642634  -0.06034746
  0.14101702  0.64643407 -0.2688943  -0.3408497  -0.2593307   0.0338352
  0.2152079  -0.17110443  0.29093602 -0.01464927 -0.14962935 -0.7053508
 -0.00913917  0.07163126 ]
[ -0.05982919  0.20544174  0.05326208  0.28387988  0.00825957 -0.07557076
 -0.03413196 -0.10175809  0.07462557  0.18414935 -0.1256372   0.3834349
  0.25816834 -0.1200516   0.33330402  0.03895931  0.5602772  -0.8360924
  0.13469778 -1.0366753   0.0278124  -0.30458918 -0.1893172  -0.5401501
  0.22123247  0.02951352  0.28293577  0.07787025 -0.09601106  0.5837842
 -0.20275715  0.13176236 ]
[ -0.3474217  -0.1330035   0.4836504  -0.01236787  0.26519296 -0.11476479
  0.52673274 -0.09614366 -0.06038694 -0.01863168  0.11804292  0.5633127
 -0.31795138  0.08011995 -0.25348398  0.02178198  0.14268751 -0.10514731
 -0.40286425  0.19938691 -0.17785147 -0.11798264 -0.03875843 -0.11800115
  0.4575267  -0.38566226  0.00431742 -0.3427103  -0.24992725  0.16988768
  0.21310413 -0.04513532 ]
[ -0.28411156 -0.00798517 -0.7641661   0.14446521  0.04250045 -0.10584228
 -0.63387865 -0.01737951 -0.26996425 -0.08677813 -0.25064683  0.6662333
 -0.38823357 -0.47797486 -0.07171754 -0.21513115 -0.34195474  0.3655678
  0.07032254 -0.54745126 -0.17788844  0.9084475   1.0371801   0.34484974
 -1.2763048  -0.34967664 -0.59665924  0.26466963  0.34720135 -0.5576862
 -0.5899826  -0.06646093 ]
[ 11.515458    -0.18639408   9.6817045    2.0124168  -13.750707
  -0.13122919 -10.782872    -0.44567236  -4.626923    -5.9594364
  -0.12891695  -1.8883065    0.8093567    2.612504    -0.10818053
   5.3124876   -5.1825433   -3.6532562   16.862118    -5.473916
  -0.12500343  -2.237737    -5.8958435   -4.9744096  -13.365605
  -5.9346504   -4.584006     0.01769325   5.763694    -5.0151534
  -0.85428643  12.122127  ]
[  8.451732    -0.13198955   7.4005527    5.911151   -22.366495
   0.28749117 -20.109741     0.959245    -0.34202707  -2.5982895
  -0.15638342   0.5372095    1.6132662    0.11537148  -2.3630204
   1.3393265   -5.185292    -3.9181583   12.554164    -5.6548314
  -1.3342822   -0.09606326 -30.632374    -2.0174992   -7.00033
  -1.2031733    1.2581797   -0.09686489   2.5981162   -2.4526114
   1.4089967    7.949792  ]
[ 2.704288    0.17234054  0.36176923 -6.003561    0.23105413  0.17405221
 -2.2512941   2.9616265   0.02634259 -0.03137874  0.05387208  0.5654928
 -0.5045109  -1.5710403   0.84019303 -0.9951223  -0.5412329  -7.2004714
  0.5577718  -6.7157316   1.2293774   6.348929    0.8149775  -0.22031583
 -2.7119093  -1.1995606   2.8985085  -0.18474872  1.1735418   1.2821875
 -0.17455676  0.584161  ]
[ 1.7343003e-01 -2.9615331e-01 -1.4570549e+00  1.1615558e+01
  6.2843722e-01 -3.1464544e-01 -4.9032216e+00 -2.5955534e+00
 -3.2961431e-01  4.6995816e-01  1.0498658e-01  9.5812637e-01
  1.8093904e+00 -1.9796098e+00 -1.0342709e+00  1.8016084e-01
 -5.6012483e+00 -4.9682899e+00 -4.9992397e-01  8.0737658e+00
 -8.0912250e-01  6.7997605e-01  6.0542990e-03  2.2073727e+00
 -2.3551133e+00  2.3870043e-01 -5.0101728e+00 -2.7409261e-01
  4.8172347e-02  4.7186390e-01  6.2820655e-01 -8.8024068e-01 ]
[ 1.3550358   0.15834919 -0.9680205   3.420634   -3.9185092  -0.14445268
 -6.0874004   0.37161115 -4.7477508  -7.6600194   0.25932148 -8.7337
  0.01639146  4.706067   -0.773443    4.3126082  -0.7275976  -1.4665809
  3.3603866  -0.19867323 -0.4478107   1.0197774  -4.44316    -5.1399994
  0.57071483 -4.1687684  -4.965642   -0.09726675  2.8559914  -1.1172341
 -1.6596353   1.4528894 ]
[ 1.6328279  -0.15350774 -1.7742528  -0.21814793 -4.6243196  -0.29471487
 -4.5945687   0.72657484 -4.461162   -8.131294   -0.3249261  -8.876988
  1.2166289   4.898639   -0.13378276  4.3347054  -2.433423   -1.3067181
  2.6146438  -2.2147644  -0.39156216  0.65816677 -5.576057   -5.485273
  0.17123322 -4.1415744  -3.4630892   0.31587872  3.1966014  -0.79284257
 -1.4652283   3.1658928 ]
[ -12.190093    -0.1822673  -29.06119    -12.890072    22.401777
   0.04865178  16.659317     0.1645278   -2.9883845   -6.280437
   0.13064212 -19.29912      1.4627187    4.700267     1.6452165
   1.0840962    1.7038739   12.527489   -28.729757     6.0105286
   1.0035661   -4.1691103   24.405327     1.2415875   18.682135
   0.0736563   -6.0320673    0.324504    -1.086738     1.478463
  -3.4967508  -10.280788  ]
[ -1.4770637e+01 -3.3384085e-01 -2.0932571e+01 -1.0863539e+01
  1.9376768e+01 -2.7379444e-01  1.6208067e+01 -7.6064073e-02
 -2.5801268e+00 -4.9710426e+00 -2.5181323e-02 -1.9225363e+01
 -1.9562341e-01  4.2601404e+00  1.8086717e+00 -6.5304548e-02
  6.7081728e+00  8.9591446e+00 -2.3136446e+01  4.2358127e+00
  6.7085278e-01 -4.6985683e+00  2.3804768e+01  1.3988144e+00
  1.9639536e+01  3.1466472e-01 -7.1538644e+00  3.0682853e-01
 -1.5990707e+00  1.1296684e-02 -3.0387208e+00 -1.2509050e+01 ]
[ -0.88364387 -0.17497541 -0.50470454 -0.76437557 -0.21754101 -0.00409734
 -1.3799993   1.0999742   0.4054252  -0.08023645 -0.23013261 -0.03082518
  1.1632763   0.1657901   0.92576694 -0.12889451 -2.6937149  -0.09258235
 -0.7052715   0.08032721  0.5164077  -0.30935344 -0.29668418  0.5479844
  0.17439535  0.71763134  0.7486627  -0.16474503 -0.04202558  0.21024173
 -0.46860287 -0.21229954 ]
[ -0.44202843  0.19379523 -0.7205637   0.341868    0.3398713   0.00174993
  0.5230892  -0.16657008 -0.0194016  -0.1991502  -0.21543306 -0.3738811
  0.6472242   0.46163878 -0.4778037  -0.33783585  0.26977798  1.5998491
 -0.01583993 -0.6969717  -0.15074976 -1.0607775  -0.51558226  0.08171321
 -0.18355721 -0.0566006   0.24424295  0.31196824 -0.09829146  0.09562313
 -0.6491304   0.24392104 ]
[  1.2795657    0.          -2.561018    -0.9685367   -3.9320278
   0.          -3.968645     0.20469636  -4.527925    -8.665404
   0.         -11.072218     0.71023387   4.4965825   -0.24546298
   3.967228    -1.9034663   -1.176415     2.5672157   -1.126037
  -0.24273686  -0.60018486  -2.689317    -4.6920395    0.05943738
  -3.9437695   -4.599186     0.           2.9043174   -0.9221803
  -1.7273941    1.6008906 ]
Activation
relu
Dense
32 32
[ -0.2987436  -0.22120284 -0.2610263  -0.01512887  0.00465248 -1.2441934
 -0.15056323 -0.23445213  0.10734975 -0.43926463  0.08892071 -0.21991304
 -0.08853506 -1.761878    0.1636054  -0.29299504  0.47968     0.39681998
  0.07632198  0.16495356 -0.50234807  0.12894812 -0.18831274  0.46649316
  0.6025291  -0.2280019   0.5787722  -0.15398872 -1.039546   -0.12648709
  0.03004505 -0.07132059 ]
[ 0.16926754 -0.15658422  0.1586932  -0.27738637  0.08086249  0.16597843
 -0.08607458  0.02278155 -0.20398884 -0.16145474  0.27333012  0.01321572
 -0.11351874  0.15433368 -0.0772029  -0.07583532  0.25778547 -0.0475682
 -0.27149078 -0.27161437  0.07360163  0.1693964   0.06128025 -0.06192514
  0.1117906  -0.00398108  0.27781168 -0.2811816   0.12940848  0.10761812
  0.25554535 -0.23921266 ]
[ -4.6823524e-02 -3.5664964e-01 -1.1657774e-02  3.6991503e-02
  3.4235440e-02 -3.3350825e+00 -7.3702559e-02 -1.1141275e+00
 -5.0109971e-01 -6.9381469e-01 -5.3709710e-01 -5.0969344e-01
  1.3832643e+00 -4.3989411e-01 -1.3310474e-01  6.8816260e-02
  2.9239276e-01  5.6883629e-02  4.1203329e-01  1.9102949e-01
 -5.9780866e-01 -1.3445325e-01 -2.6713169e-01  4.0283421e-01
  1.0629883e+00 -2.7930072e-01  2.9197690e-01  2.7880745e-03
 -2.4305685e+00 -4.8690382e-01 -6.4506853e-01 -2.0538459e-02 ]
[ 0.6804413  -0.10207746  0.06697196  0.12255252  0.01334187 -1.5753741
  0.05534149 -0.7768951   0.30650708  0.6562381   0.5877743  -0.1617256
  1.7679943  -0.11123043 -0.21128084  0.05067652  1.0596656   0.66598123
  0.24083495  0.14423065 -0.5482736   0.19880153  0.04819514 -0.0805823
  1.3364651   0.05649625  0.36663094  0.04883711  0.64124167  0.33580965
  0.7210601   0.24744831 ]
[ 0.24513566  0.18679382  0.04272017 -0.00449422 -0.34064096  0.5679362
 -0.02101648 -1.4373769   0.02750603 -0.7190831  -0.16196063 -0.03577224
  0.81917286 -0.34105563 -0.35399234 -0.1588746   0.0501793   0.4373627
 -0.03681263 -0.66138244  0.5605442   0.10638756 -0.12950106  0.46866566
  0.5412026  -0.30240545  0.38744137  0.07470811  0.50991386 -0.43305355
  0.08756319  0.03111411 ]
[ 0.19565734  0.00856552  0.05866021  0.01805252  0.14998323  0.15027553
  0.22876081 -0.22711605 -0.23183845  0.06978577  0.10429937 -0.11388637
  0.11796433  0.29631582  0.02613178 -0.0513221  -0.25554806  0.17984954
 -0.09495246  0.11094379  0.03989848  0.27815166  0.13769197  0.04763654
 -0.00055847 -0.20435435 -0.00558665  0.25398543 -0.19167927  0.24817714
  0.28806826 -0.21817493 ]
[ -0.02526839 -0.16463514 -0.08711999 -0.3580333  -0.02074429  0.43610513
  0.06231257  0.33360487 -0.23897456 -0.11827566 -0.04052892 -0.06127564
  0.74456924 -0.6736371  -0.26269555 -0.25388712  0.06797861  0.12546268
  0.25572437 -0.3367737   0.4068038   0.17234471 -0.10524463 -0.0816384
  0.11520413  0.11609598  0.01214701  0.02099021 -2.5426452   0.23146202
 -0.17442764  0.15105827 ]
[ 1.3850263  -0.3336239  -0.23584646  0.11977547 -0.28520033 -1.1431609
  0.10215631 -1.8605319   0.16589385  0.68031776  0.78825915 -0.3343067
  1.828891    0.8457783   0.05729495 -0.27146047  0.7728422   1.1378728
  0.29574344  1.4221145   0.6675715   0.0135188   0.21202853  0.24824892
  1.8912354   0.21026073  1.6210197   0.18453355 -1.82209     0.5239551
  0.7319506   0.00926451 ]
[ 0.37852263 -0.2587596   0.17828245  0.1119345  -0.01494427  0.50991726
 -0.0826907  -0.39770383  0.01409451  0.05515984  0.19647802 -0.09801174
  0.3393831  -0.3616616   0.17118938 -0.15013196 -0.25006863  0.2888657
  0.13903208  0.04023046  0.02810866 -0.13461582 -0.05368513 -0.7638107
  0.16952685 -0.13803224 -0.00255457  0.02700607  0.14218432 -0.10305652
 -0.00292808  0.24706507 ]
[ -2.87595749e-01  5.37628606e-02 -1.01580165e-01 -9.75138023e-02
 -1.78865537e-01 -9.70505774e-02  4.43390235e-02 -7.21107364e-01
 -2.00604964e-02  5.80224633e-01  3.60914320e-01  1.03225440e-01
  4.97716248e-01  5.22416353e-01 -1.17558844e-01 -2.44264245e-01
 -1.06549552e-02 -5.60822904e-01  2.73765624e-01  2.20796131e-02
  2.51115829e-01  1.07517815e-03  1.63875639e-01 -1.14694464e+00
 -1.03652573e+00  1.47128299e-01 -3.68565649e-01  5.19703887e-02
  2.78047651e-01 -1.58999169e+00  3.44399177e-02 -6.67524934e-01 ]
[ -0.05925815  0.12335315  0.26518586  0.03035325 -0.22792342  0.06540829
 -0.29450577 -0.14842962  0.12648326  0.26378295 -0.17061082 -0.09808733
 -0.04916203  0.21432236 -0.07759747 -0.2551096  -0.23293483  0.30291268
 -0.15646406 -0.28244582  0.18634966  0.03670055  0.15122977 -0.02964687
  0.04103366  0.18573192  0.16290766  0.20987347  0.14445701 -0.11241104
 -0.11382352  0.09040973 ]
[ -0.4976966  -0.25496072 -0.15198904 -0.36841524 -0.10398139 -0.30083075
 -0.3341358   0.01850824 -0.30720228 -0.11937881 -0.2277445   0.02155946
 -0.90625495 -0.3165259  -0.10108912 -0.06941343 -0.7199395  -0.6224224
 -0.08206368  0.03379065  0.01214743 -0.17413734 -0.20397167 -0.5926595
 -0.9452034  -0.22445014 -0.8588006   0.13903639 -0.1120665  -0.29887995
 -0.04534874 -0.44928035 ]
[ 0.26459938 -0.1241293   0.21288545  0.08196721 -0.11228538  0.1827582
  0.07395541 -0.5676964  -0.22022808  0.71088094 -0.61155397 -2.095533
  0.94978297 -0.17025225 -0.08955476 -0.07063878  1.1540496   0.7045321
 -1.1637249  -0.48777813  0.48581207  0.22127713 -0.305834    1.5340762
  0.93173504  0.04875001  0.43037018 -0.03570821 -0.11486426 -0.27156666
 -0.82434034  0.05332766 ]
[ -0.05523616  0.10796213  0.11432216 -0.06948207 -0.11184283 -1.1139263
 -0.4043977  -0.14071618  0.17404513  0.105448   -0.04509755 -0.1984206
 -0.20166959  0.00560367  0.19357353  0.11958081  0.2787078   0.13325733
  0.20691423  0.12174317  0.28579128 -0.28559044  0.18194392  0.48465723
  0.24008901  0.18309675 -0.00461655  0.03769026 -0.07776445 -0.15829934
 -0.03307363  0.3577672 ]
[ 0.13308251 -0.26019308 -0.08887714  0.21300377  0.05568776  0.16630834
 -0.1022071  -0.28350365  0.11615013  0.33604792  0.3401363  -0.08181647
 -0.27303743  2.1056182  -0.1146991  -0.13931179  0.04322508 -0.33176228
 -0.12782791  0.20924611  0.8017061   0.1994919   0.02471352  0.21314913
 -0.13616773  0.26994073  0.09903131 -0.12616456 -2.6466496   0.84528184
 -2.222518    0.27338096 ]
[ 0.05048262 -0.15400027  0.05075279 -0.08891444 -0.10793693 -0.90958405
 -0.30001062 -0.41318166 -0.06298714  0.35065922  0.12063925 -0.22616681
  0.2866376   0.15224625 -0.20466974 -0.01253328  0.06260751  0.43621013
  0.01265948  0.04980122 -0.02262718 -0.05461277 -0.2990738   0.11625931
  0.4240295  -0.32542524 -0.17556186  0.02021635 -0.3853191  -0.24354914
  0.07561607 -0.34142578 ]
[ -2.0350081e-01 -5.4954940e-01 -1.6661955e-01 -2.1144871e-01
 -1.4984263e-01  1.4460708e-01 -1.0633577e-01  4.3202922e-02
 -3.1156233e-01  2.5605437e-01  7.0940994e-02 -7.3996177e-03
  5.6527042e-01 -6.4293420e-01 -1.3683310e-01 -1.9521716e-01
  1.7846736e-01  9.0522371e-02  5.5628121e-01  3.3568135e-01
  1.3313532e-01 -2.1139327e-01 -3.4021890e-01 -1.3936399e-01
  1.9861217e-01  1.4961180e-02  3.7296557e-01 -2.3598270e-03
 -3.5359390e+00  4.8861462e-01  5.0990796e-01  3.3953074e-01 ]
[ 1.316409    0.18719175 -0.30407104  0.2301847  -0.18474227 -0.1425086
  0.12346402  0.02170837 -0.32160047 -0.4555796   1.0794173  -0.05612761
 -0.17789857  1.7750226   0.14845695 -0.14072114  0.98892635  0.6440175
 -0.6674824  -0.5115622   0.57390493  0.08684676 -0.10221324  1.1587387
  0.87204653 -0.25008476  0.65331686 -0.00927173 -2.3207948   0.12326664
  0.5966626   0.07757942 ]
[ -0.21615691 -0.25708142  0.02064584 -0.03633309 -0.17206985 -3.2014358
 -0.00464051 -0.16113064 -0.32032222 -0.74365944  0.59256494  0.22394684
 -0.6026142  -0.14487691 -0.27289596 -0.08337273  0.41082036  0.13994987
 -0.40994027  0.47789186 -0.8061274  -0.05490574 -0.62331223  0.48506978
  0.9663635  -0.40794998  0.6400069  -0.02457564 -0.66565377  0.02593233
 -0.31139427 -0.12723643 ]
[ 1.3845397e+00 -1.6921742e-01 -5.1420454e-02  1.6462569e-01
  4.2475682e-02 -3.0975833e+00 -1.2168798e-01  4.9807593e-01
 -3.8614973e-01  1.3284836e+00 -1.0797462e-01 -4.6514180e-01
  2.8187251e+00  1.3681297e+00 -2.7189922e-01  8.3673686e-02
  2.6706707e-01  9.4827086e-01 -1.5473610e+00  2.9842224e-04
  7.5878644e-01 -3.0944708e-01  1.2691762e-01 -1.1361059e+00
  2.5490277e+00  1.0804790e-01  1.8627071e+00  9.9656597e-02
 -4.8954997e+00 -1.6013919e-01 -3.3756170e-02  3.8090792e-02 ]
[ 0.15276536  0.24453738 -0.19806616  0.17550571 -0.1682781   0.1116581
 -0.03448586 -0.04281355 -0.4014399   0.09403703  0.03570184 -0.02251469
 -0.24752337  1.1237019  -0.29276815 -0.29852226  0.17567055 -0.01735049
 -0.2137012  -0.35443822  1.0838425  -0.13600436  0.09327418 -0.33520913
 -0.280242   -0.06028568 -0.10375486  0.06015563  0.44198602 -0.24356122
 -0.00330534  0.16861966 ]
[ 1.6506567   0.11612643  0.04090962 -0.3433258  -0.35034442 -0.26104358
 -0.23636763 -0.20224163 -0.13696718 -0.24858658 -0.1043143  -1.0727974
 -0.02298281  1.5731425  -0.3048829  -0.0907492   0.3378507   0.01454521
 -0.342173   -1.405415   -1.0644063   0.06152413 -0.10754251 -0.02852923
  0.5121096  -0.19982691  0.8502745  -0.23550832 -7.197576    0.3401676
 -0.2985252  -0.23271418 ]
[ 0.38159296  0.05620678 -0.00497401 -0.16353181 -0.13139303  0.44491583
 -0.29556566 -1.0108433  -0.09708853  0.7878781   0.06520692  0.5680334
 -1.019062    0.3257291   0.18459879  0.02351891 -0.39189118 -0.48104605
 -3.5863926  -0.43450603  0.3046201  -0.29674333 -0.31040952  0.14992853
 -0.2990398   0.05804068 -0.02381795  0.05169276 -0.0064141  -0.13392985
  0.40419787 -0.9022789 ]
[ 0.541334   -0.20819904 -0.2955362  -0.10159577  0.1677072  -0.09312881
  0.03368449  0.0738082  -0.07251238  0.40324014  0.03179853 -0.18335027
 -0.48690307  0.47104815  0.03971608 -0.1661026  -0.17744116  0.31155595
 -0.06808323  0.0284031   0.1361542  -0.30698225 -0.14149554  0.05854414
 -0.22486882 -0.14087127  0.01372141  0.07137852 -2.4981942   0.5162271
  0.07416701 -0.68507195 ]
[ -7.1711622e-02 -4.1396490e-01  9.7690187e-02 -2.8754306e-01
  5.5100560e-02  4.9984550e-01 -9.5384996e-03 -5.5531639e-01
 -2.9511613e-01  6.8043858e-01  3.2415995e-01  3.5847330e-01
  2.0897707e-01 -4.2443842e-01  2.1205401e-02 -2.1147263e-01
  1.0762709e+00  2.7886578e-01  3.2312378e-01 -8.0273199e-01
  1.1020688e+00  3.1703826e-02  2.7387504e-02  4.4918013e-01
  8.6859483e-01 -1.5629713e-01  6.6235703e-01  1.9247236e-06
 -2.3323871e-01  1.0641832e-01  6.6610241e-01  1.2316527e-01 ]
[ -0.16007616 -0.1736079  -0.41037416 -0.17195661  0.04822546  0.81481886
 -0.15472354 -1.0593446  -0.28181323  0.04719127  0.06555143  0.20219848
 -0.7203091  -0.00891999 -0.128798   -0.02621196 -0.25113246  0.5169077
  0.1906364   0.09249253  0.0829355  -0.18132007 -0.09923831  0.01908438
 -0.01932965 -0.16141327  0.18274745 -0.00659121 -2.6163442   0.5880505
 -0.10620901  0.33007634 ]
[ -0.8939602  -0.01577988 -0.2231624  -0.20370518 -0.31918186 -1.4026346
  0.08276851  0.02262665 -0.29971144 -0.8530254   0.14346787  0.3170945
  2.9238615  -1.5754831  -0.20519933 -0.08042312  2.3232534  -0.05732402
  0.41254923  0.44712657  0.78959227 -0.31838605  0.08742119  0.84478086
  2.188511   -0.0398536   0.8853062   0.0993896  -2.3726177  -0.2935812
 -1.8901455   0.00317054 ]
[ -0.09108672  0.03944516  0.23918119 -0.00640833  0.04120222 -0.1215515
  0.07662767 -0.11942011  0.16283423  0.26412728  0.13861623  0.02988976
  0.2066963   0.2957591  -0.11941077  0.10836798 -0.07293983 -0.25045964
 -0.14789556  0.17121679  0.18285075 -0.22017822 -0.00839916 -0.0540292
 -0.06290518  0.1749523  -0.23493199 -0.21698657  0.24705628  0.29045478
  0.09880361  0.28742257 ]
[ 0.11749919 -0.22109795 -0.3606059   0.09596387 -0.10754208 -1.2992673
  0.14574961  0.22603226 -0.02587404 -0.00650273  0.13065253  0.14078172
  0.02427567 -0.03682422 -0.34030244 -0.04714546  0.04484262  0.07564218
 -0.17039524  0.03724229 -0.17769152 -0.20146915 -0.29865444 -0.03473999
  0.28254816 -0.2940142  -0.6801739  -0.0187715   0.2059453  -0.34843135
  0.05714296 -1.0313323 ]
[ 0.9832886  -0.26751438  0.03248268  0.12610969 -0.09942505 -2.0043964
 -0.05191477 -0.06648695  0.04814103  1.0786015  -0.38779664  0.28064597
  1.5928656   0.03235511 -0.24043164  0.16397595  1.3537441   0.2966264
  0.28941333  0.7344227   0.31643662  0.13207568 -0.29351473  1.7253536
  2.000837   -0.21585     1.8788929   0.27438417 -1.1533552  -0.06326565
 -1.4831526   0.40004298 ]
[ -0.436476   -0.23153919 -0.19749385 -0.18390597 -0.26548487 -0.16962303
 -0.34876126  0.14964162 -0.2412174   0.05983569 -0.09939972 -0.19929977
 -0.28639174 -0.28320685 -0.02293428 -0.30192876 -0.2994528  -0.17180492
  0.07049873  0.04778427 -0.10556185 -0.15502775 -0.00414306 -0.02081498
 -0.01748636 -0.2182097  -0.03348101  0.03630585 -0.3158644   0.31243223
  0.12064394  0.16563857 ]
[ 1.3507484   0.07087909  0.04416479 -0.42597908 -0.36079538 -2.6798913
 -0.41700622  0.38880092  0.13874859  0.01231605  1.229858   -0.23012093
  1.4702013   1.5080951  -0.362811   -0.02730109  2.3238206  -0.03888619
 -0.00824905  0.445897   -0.58783305 -0.16535087 -0.2306288   0.7067785
  1.9498477  -0.11976164  1.0460591  -0.0497295   0.5814134   0.5818067
  0.50048685 -0.1596641 ]
[  0.09014545  -0.15915537  -0.18141438   0.24024342  -0.05058087
  -0.07473851  -0.15416768  -1.2676902   -0.02706877   0.20755596
  -0.12368151  -1.8303123    0.4863585    0.65493065  -0.10355325
  -0.11993549  -0.19353165   0.197626     0.63463426   3.459639
   1.3251246   -0.09576907  -0.09833398   1.7417755    0.20902674
  -0.14417385  -0.871169   -11.20549     -0.02532932  -0.10527468
  -8.132484    -0.28860798 ]
Activation
relu
Dense
32 32
[ -0.71368176 -0.21129084  0.0790152   0.32279164  0.07456953  0.24553865
 -0.21888246  0.3280886   0.6321363  -0.06017249 -0.22229992  0.16302198
  0.26856184 -0.07216139 -1.006053    0.85253257  0.10852288 -2.2068388
  0.2993987   0.17170408  0.7265211   0.3749678  -0.07416929  0.03936128
  1.0672373  -0.00607503  0.28182703  0.70881003  0.24910383  0.248883
  0.55513746  0.23941402 ]
[ 0.07778509  0.09596732  0.01452804  0.31525818 -0.08747838 -0.2695073
  0.03480466  0.00899017  0.03875574 -0.23905957 -0.29669464  0.2788856
  0.14749458  0.39096606  0.06344988 -0.08392939  0.08360957 -0.6279139
  0.08521523  0.00458271  0.18349996 -0.16822992  0.11809073  0.22475025
 -0.14325683 -0.02596737  0.11207396  0.49472544  0.25422743  0.07979827
  0.23131864 -0.01435993 ]
[ -0.08915864 -0.08231028  0.182943    0.38556552 -0.10570642  0.27288565
 -0.17650488  0.33475292  0.0947586   0.24220458 -0.16345142  0.28390124
 -0.03524258 -0.03049439 -0.47742102  0.5101407   0.03788395  0.2170175
  0.10042359 -0.05365745 -0.02174674  0.02105464  0.13431458  0.21522221
  0.05657813  0.20405115 -0.09338932  0.04063746  0.48062786  0.5547164
 -0.13679968  0.13197844 ]
[ 0.13496192 -0.03699931 -0.30313978  0.02283564 -0.18749927 -0.14263518
  0.5017777  -0.02715699 -0.20675139  0.06219681 -0.12626892 -0.1347734
 -0.22889659 -0.21031268 -0.2069342   0.24648117  0.09142975  0.20877387
 -0.14550775 -0.31148967  0.1639772  -0.12403682 -0.1723573   0.06924845
 -0.00945866 -0.26162466  0.17725442  0.08959068  0.4391387  -0.0019596
 -0.25660363 -0.05761753 ]
[ 1.8582284e-02 -1.5134721e-03  2.3387834e-01  1.7449589e-01
  1.0894936e-01  6.7973614e-02  3.9818380e-02 -7.2109222e-02
 -4.1501604e-02 -1.5666893e-01 -1.4597251e-01  7.3669910e-02
 -2.0459631e-01 -4.7535866e-02 -1.8346310e-04 -2.3047209e-01
  3.4613740e-01 -1.9998205e-01 -5.5397373e-02 -1.4848128e-01
  1.3673353e-01 -2.9782212e-01 -2.4547076e-01  1.6725156e-01
  1.2121856e-01  1.7637406e-01 -1.7550157e-01  1.5865692e-01
 -1.0189766e-01 -1.9397470e-01 -2.8837594e-01 -5.5524021e-02 ]
[ -8.60091895e-02 -1.42529443e-01 -2.73570746e-01  2.63389260e-01
 -2.67934293e-01 -4.51538175e-01  6.38283134e-01 -8.31815589e-04
 -1.11456305e-01 -2.82311589e-01  2.97254831e-01  2.32653141e-01
  2.16195583e-02  6.69124257e-03 -1.99406907e-01 -3.88230309e-02
 -4.29392345e-02 -2.09258154e-01  1.33923635e-01 -1.22530535e-01
  9.61363971e-01  2.33600795e-01  1.43017143e-01  7.76698068e-02
 -3.94721240e-01 -1.15816104e+00 -4.80615973e-01  1.09507449e-01
  5.63893378e-01  2.05137908e-01 -3.72149944e-02  2.71822065e-01 ]
[ 0.26467755  0.01234031  0.04573781  0.05926984  0.2204672  -0.08768757
 -0.06644858  0.22912958  0.00667517  0.15903299  0.4123334  -0.2292814
 -0.07415856  0.20410453  0.3045514  -0.1564995   0.04810999 -0.21545105
  0.33009294  0.1412431  -0.05048924 -0.01774023  0.03383974 -0.04116541
 -0.21093065 -0.23010634  0.34444287 -0.20458503  0.03769957  0.31259096
 -0.01649657 -0.10175487 ]
[ 0.26291445  0.07458332 -0.19911277  0.6622936   0.07872372  0.2471879
  0.59233516 -0.09793852  1.0869625   0.66560566 -0.11131235  0.15334536
 -1.068765    0.31969222 -2.0863578   1.1844752   0.9148686  -1.4731237
 -0.8855375  -0.30304894 -0.43422574 -0.56930876  0.46512842 -0.09989136
  0.07961767 -0.25892413 -0.7482793  -1.319961    0.13302475  0.11945179
 -0.31862137  0.7260131 ]
[ 0.26032257 -0.16953129 -0.06546245  0.38898227 -0.19555406 -0.23945203
  0.17210826  0.49806565  0.02083779 -0.10538037  0.0629373   0.25122306
  0.07123564  0.18304145 -0.87298733  0.6385701  -0.15556586 -0.47109944
 -0.20393087  0.05079684 -0.02736878  0.31914756 -0.03733592  0.09786424
  0.02575078 -0.09685373 -0.151059    0.24340224  0.20993364  0.15124245
 -0.18039379 -0.03467144 ]
[ -3.0337896  -0.24276409  0.03339264 -0.05394702 -0.1508722   0.70035565
  0.73644054 -0.1355226   0.38957068  1.8279346  -0.04766058  0.07264955
  0.20608707 -0.5736364   0.5621143   1.3439422   1.1857463  -5.039799
  0.61428505 -0.37329742 -0.19656636 -0.43731692 -0.04604828 -0.20736796
  0.90599215  0.5672451  -1.8830061  -0.00923809  0.5946337   0.50708723
  0.07531224  1.066953  ]
[ -4.515495   -0.31717473 -0.19631185 -0.24854836  0.04193     0.09710819
  0.27180034 -0.10217622  0.22920382  0.3877405   0.17583998 -0.34735358
 -0.48460156 -0.15781705 -1.3701591   1.2758306   0.7270399  -1.2421232
 -0.04008463 -0.07064393  0.31770834  0.6920368   0.74809843  0.07561074
 -0.06445178  0.4932987   0.3483381  -0.6414356   0.2537767   0.45139802
  0.0266218   0.07842629 ]
[ 0.71115094  0.28670362 -0.25821742 -1.29903    -0.40933502 -0.48191765
 -0.45397377 -0.4136154  -0.4241066  -1.0559249  -0.59247285 -0.3336109
 -0.04696552  0.12454982  0.29946578 -0.29216614 -1.5741777   0.56716365
  0.11347145  0.04021671 -0.24244569 -0.30130106 -0.3339842  -1.3005064
 -0.06825346  0.2819724   0.3674575  -0.26996797 -0.75395596 -0.39172497
 -0.00391516 -1.0426196 ]
[ -0.50091237  0.79376435 -0.11890932 -0.42864862  0.7037455   0.74994016
 -2.320714   -0.20391653  0.44357687  0.6600502   0.5701852  -0.07761532
  0.3963097   0.06612869 -0.23573394  2.163028    1.8864534  -0.42978662
 -0.05748184 -0.01142717  0.47253466 -0.31056997  0.10231157 -0.25734952
  0.5267235  -0.1278851   1.0915868   0.70991683 -0.134737    0.20409942
  0.05029512  0.73249227 ]
[ -3.0746574   0.31083107 -0.1989716   0.19731227  0.16817605 -0.07329495
 -1.0226036  -0.19211894 -1.1401427  -0.12614925  0.6747661  -0.09022753
  0.53747547 -0.1483967  -0.19740969  3.0371847   1.866212   -3.1146412
  0.1863124   0.27956647 -0.7816684   0.30983806  0.2844094  -0.22418062
  0.3890854   0.06996734 -1.3863578   0.6017331   0.22836861  1.0811793
  0.2815801   0.01583784 ]
[ -0.0092915   0.08194811 -0.04666686 -0.3316155   0.04716241 -0.18365046
 -0.07319741  0.07739532 -0.01291369 -0.3320661   0.03262984  0.27543044
  0.12393479  0.15180326  0.1501827  -0.14344122  0.1767998  -0.25122738
  0.05192859 -0.15910853 -0.28372303  0.28090551 -0.14308494  0.09288335
  0.12908067 -0.10535715 -0.3120546  -0.17922594 -0.02204752 -0.19857521
 -0.12416928 -0.25944752 ]
[ -0.14177643 -0.26412496 -0.17581101  0.14575352 -0.17118321 -0.25761893
  0.23082371 -0.21069415 -0.0107775   0.04779659  0.17293404 -0.25300232
 -0.16234234 -0.13919069 -0.05607378  0.06022444  0.2641617  -0.16112463
  0.20683308  0.01047516  0.14937286 -0.23974264 -0.02089838  0.15825358
 -0.14124422 -0.10638089  0.25157192 -0.04992388  0.09430459  0.00760813
  0.11717772 -0.30890054 ]
[ -1.161839    0.82361245 -0.26557782 -0.1344277   0.15570243 -0.47905475
 -0.34184664 -0.03736795 -0.6950117  -0.03350316 -0.5765323   0.08044049
  0.352842    0.08213184  0.15444027  2.2484891   1.5896416  -0.5614059
  0.09383877  0.23508634 -0.72792584  0.2889439   0.5570512   0.10289951
  0.7835904   0.7860553   0.3794238   0.25781167  0.45765916  0.6119631
  0.21643896  1.0846108 ]
[ -1.1943368  -0.59390694  0.13049883  0.26454324 -0.00513706 -0.09780356
  0.20129749  0.0513988   0.26548094  0.20285085 -0.97178113  0.1718515
  0.18169841  0.21542819 -0.27331537  1.0969979   0.96101207  0.17741024
  0.15510198  0.01770369  0.54409516  0.01222782  0.01818725 -0.09966083
  0.51690346  0.4200668   0.35638568  0.31964904  0.8935235   0.1311699
 -0.2412264   0.5911923 ]
[ -6.7485533   0.5166361  -0.03639138 -0.9431747   0.08516903 -0.22817883
 -2.0639439   0.00955095 -1.703134   -1.2724724  -0.24330892 -0.16186374
  0.05149074 -0.29541382  0.09293088  1.5740658  -0.24362415 -0.6247616
  0.02377806  0.0088187  -0.30848032  0.18108003  0.34484318 -0.26214084
 -0.06995306 -0.07353243 -2.0876102  -0.01570455  0.19245677  0.06231518
 -0.18599235  0.39740068 ]
[ 3.98415655e-01  3.81451398e-01 -1.02035783e-01 -1.92733854e-01
 -8.06183994e-01 -1.68254256e-01 -5.77255249e-01 -5.15982211e-01
 -1.49574012e-01  5.58577180e-02  3.89019638e-01 -2.03353897e-01
 -1.05070025e-02 -4.58574057e-01 -5.86673796e-01  1.19007754e+00
 -4.32206249e+00 -3.46120882e+00  2.24381126e-02 -2.26103645e-02
  4.21499163e-01 -1.93119630e-01 -3.71505208e-02 -8.83384049e-01
 -6.47072673e-01 -2.90627390e-01  2.94927388e-01  6.66264594e-02
 -5.51101506e-01 -2.87056696e-02  1.54052617e-03  4.66750056e-01 ]
[ -6.3656445  -0.01812457 -0.16992496 -0.56207794 -0.09981551 -0.36692488
  0.06935658 -1.2430651  -0.5354272  -0.5729867  -0.7203931  -0.14141192
 -0.0262366  -0.01878208 -1.639051    0.33885807  0.1971741  -1.8124868
 -0.85397923  0.01657862 -0.03090934 -1.7546841  -0.08998934 -0.24899149
 -0.59022295  0.6516122  -1.7025586  -0.19772585 -0.08642311 -0.07685789
 -0.00902326 -0.12633123 ]
[ -0.03689358  0.27182528 -0.2766774  -0.23718698  0.04142514  0.06977491
  0.2381189   0.5324027  -0.11000134 -0.11576437 -0.12546161  0.24562845
 -0.29037547 -0.07706173 -0.01890976  0.41684628 -0.02844434 -0.38481718
  0.18621893 -0.02503395 -0.05424386 -0.1279193   0.20493014  0.25333872
  0.4699274  -0.13673204  0.2527002   0.13881981  0.21636517 -0.07908715
 -0.19542812 -0.12094128 ]
[ 0.16643438 -0.14258102  0.12676418  0.02420732  0.27461788  0.31982487
 -0.02644446 -0.36303204 -0.13569993  0.03539393  0.17291977  0.26726964
  0.19882488  0.0073342  -0.2878966   0.48510072 -0.171522    0.08888459
 -0.26937193  0.09726144 -0.09958289 -0.05181232  0.10984048 -0.09315446
  0.10995639 -0.18928833  0.27013105 -0.07264159 -0.0775296  -0.09147532
  0.00496493 -0.03267926 ]
[ -3.7584288  -1.1122463   0.00684638 -0.05797124  0.23278582 -0.18087067
  0.21784903  0.28415966 -0.38274267 -0.9011129  -0.3480566  -0.0572486
 -0.13584048  0.10161281 -2.0880828   1.0342715   1.6557192  -2.470408
 -0.24810265  0.13462195  0.423881    1.0680766   0.23127086 -0.29056844
  0.1639005  -0.11458573  0.4434896  -0.2824788  -0.21772882  0.44231072
 -0.04001136  0.49225253 ]
[ -0.31452045 -2.451396   -0.14990085  0.29847476  0.6904407   0.21900237
 -0.47157046 -0.243544   -0.42133802  0.03162167 -2.3084476  -0.19434674
  0.52437913  0.4395919   0.07357776  3.493298    1.818925   -0.48942193
  0.3942071   0.40821087  0.46568725 -1.1046569   0.26530108 -0.16366448
  0.5647873   0.07025626 -0.19107482  0.11644734  0.6573005   1.0690529
  0.5024611   1.5750656 ]
[ 0.03483233 -0.14451037 -0.28883368 -0.04615154 -0.04017613  0.19413823
  0.2003102  -0.23875904 -0.2547108   0.135615   -0.21775953 -0.22878893
  0.30326173  0.3027447  -0.28051051  0.15088345  0.2311664  -0.21272084
 -0.17037311 -0.1023201   0.00747195  0.1083858  -0.04418233 -0.2785913
  0.42784205 -0.09365793 -0.13727424  0.03467488 -0.19464037 -0.03100031
  0.15135434 -0.16264582 ]
[ -0.35047916 -1.7100344   0.09563968 -0.6739697   0.10890997  0.6596182
 -0.94306225  0.11133455  0.2308467   0.7324132  -0.94396883 -0.00566622
  0.18784173  0.2520377   0.17449228  1.8096104   0.8261847  -0.48960525
  0.14844161  0.16141225 -0.7550014  -0.41165775 -0.22286673 -0.26157054
  0.70238096  0.11607777  0.28151265  0.19552487  1.0514836   0.5692678
 -0.2630724   0.55031574 ]
[ -1.72143316e+00 -1.33580410e+00 -5.17616943e-02 -5.49570322e-01
 -7.88220882e-01 -6.65521562e-01  1.06376454e-01 -1.66682690e-01
 -3.39127064e-01 -4.15273122e-02 -2.58223503e-03 -2.13864759e-01
  3.41048211e-01 -6.14700675e-01 -1.83514500e+00 -5.09406948e+00
 -2.70865243e-02 -7.23087370e-01  2.04265609e-01 -3.95077109e-01
  2.07022265e-01 -5.51836908e-01 -1.36250436e+00 -5.31433597e-02
 -9.93530035e-01  1.82864949e-01 -2.00463325e-01  2.10636482e-01
 -1.79123533e+00 -5.84136546e-01  2.65933663e-01 -1.34371281e+00 ]
[ -1.470953    0.01452597 -0.01744008 -1.135447   -0.17973398 -0.17401238
 -4.8190775   0.09442926 -0.3516977  -2.6919575  -0.62474805 -0.06683742
  0.19842462 -0.03530587 -3.8300693   4.5173774   0.48183873 -0.99189967
  0.34440798  0.3764487  -2.485686   -0.18319878  0.4846897  -0.11322061
  0.27221265 -0.13524605  0.9887862   0.44616053  0.6663731   1.2875322
  0.10428073  4.0168285 ]
[ -2.8444853  -0.09952234 -0.06557449  1.0911688   0.48779148 -0.8265532
  0.72716194 -0.02708515 -0.52173954  0.8243576  -0.21067846 -0.22423494
  0.07222112  0.7805513  -1.0386837   1.2731963   0.9910617  -1.3034085
 -0.20992845 -0.04517085  0.24093242 -0.5261406   0.68762606 -0.2558617
 -0.27073336 -0.08854865  0.5791503   0.19014984  0.50852406  0.05563714
  0.04117158  0.5291249 ]
[ -1.5767617   0.5323031  -0.3479779   0.58220685 -0.17750783 -0.46033934
 -0.22025244 -0.5285929  -0.40827268 -0.01807051  0.01709432 -0.16711754
 -0.03305647 -1.000164   -1.8585218  -0.5866507  -0.16560012  0.54350376
  0.2684875  -0.00584855 -0.59864897 -0.49393377  0.08416291 -2.6441267
 -1.040841   -0.10514733 -0.29561087 -0.09512493 -1.1994054  -0.51805186
 -0.0765203   0.09858127 ]
[ -0.07714099 -2.411922   -0.21155314 -0.51461506  0.13375232  0.6156921
 -0.49569687  0.9058202  -0.01197125 -0.42221734 -0.17828113  0.23687977
  0.14524028  0.31080323  0.2047887   1.2157998   0.01101491  0.12559392
  0.42484835 -0.07139647  0.18575296 -0.5253976  -0.04813009 -0.16840643
  0.7327071  -0.43397725 -0.5266588  -0.1930535   0.94944334  0.31487903
  0.5924874   0.06028664 ]
[ -0.81723773 -1.8453863  -0.32334223 -0.01429599 -1.0793276   0.10901337
  3.122422   -0.69292074  0.9363173   0.9206797  -1.4394287  -0.21019706
 -6.25646    -1.076367    0.09407952  1.9775583  -0.38780126 -2.133377
 -5.511061    6.54184     1.2918671  -0.909855   -0.8122534   0.29573855
  2.2264538  -2.2724297  -0.99203014 -5.767125   -1.0679591   6.4324093
 -6.36644     5.644442  ]
Activation
relu
Dense
32 1
[ 0.19242105 ]
[ -0.07857616 ]
[ -0.00111915 ]
[ -0.14413378 ]
[ 0.00730877 ]
[ 0.16273029 ]
[ 0.0905806 ]
[ -0.12852927 ]
[ 0.00030729 ]
[ 0.074664 ]
[ 0.08997565 ]
[ 0.19889341 ]
[ -0.48755136 ]
[ 0.05213048 ]
[ 0.16008541 ]
[ -0.04743575 ]
[ -0.02938332 ]
[ 0.02161898 ]
[ -0.13159683 ]
[ -1.0507247 ]
[ 0.17732829 ]
[ 0.24674141 ]
[ 0.0661012 ]
[ -0.00592048 ]
[ 0.09343036 ]
[ -0.1324117 ]
[ 0.05091412 ]
[ -0.5089885 ]
[ 0.00722065 ]
[ -0.681478 ]
[ -1.244598 ]
[ -0.08434477 ]
[ 0.6950195 ]
Activation
sigmoid
