inputs 19
TrijetPtDR
TrijetDijetPtDR
TrijetBjetMass
TrijetLdgJetBDisc
TrijetSubldgJetBDisc
TrijetBJetLdgJetMass
TrijetBJetSubldgJetMass
TrijetMass
TrijetDijetMass
TrijetBJetBDisc
TrijetSoftDrop_n2
TrijetLdgJetCvsL
TrijetSubldgJetCvsL
TrijetLdgJetPtD
TrijetSubldgJetPtD
TrijetLdgJetAxis2
TrijetSubldgJetAxis2
TrijetLdgJetMult
TrijetSubldgJetMult
scalerType None
layers 8
Dense
19 32
[ 0.00154496 -0.1541313   0.00212701 -0.40643162 -0.13045761  0.04487532
 -0.39737627 -0.2920534  -0.22483541  0.12062389 -0.15177621 -0.13510899
  0.24038552 -0.03669717 -0.09734541  0.00411779 -0.29279396 -0.04265629
 -0.24010797 -0.06034619 -0.38641617 -0.03771672 -0.00795362 -0.0335468
  0.00457686  0.04784566 -0.12505268 -0.30328763 -0.37333256 -0.11405528
  0.05725307 -0.40579072 ]
[ 0.3829284  -0.24148563  0.05406306  0.09930758 -0.08927216 -0.21730223
  0.12507413 -0.09260367 -0.0940718  -0.07694495  0.05585918  0.03366174
 -0.9413685   0.07894835  0.35828254 -0.13770534 -0.30686742 -0.02808796
  0.15371802 -0.14931613  0.15249729 -0.2560484  -0.03463288 -0.26513302
 -0.07955874  0.01027213 -0.0058936  -0.27890697  0.13140488 -0.28788176
 -0.09222295 -0.22249041 ]
[ 0.3588359  -0.14817753 -0.03230197  0.03536123 -0.22918466  0.1183193
 -0.25525674 -0.48982462 -0.5113271  -2.4897604  -0.02880567 -0.03321968
  0.46316168 -3.059362   -0.52219605 -0.16406243  0.36165598  0.7969892
  0.24288729 -0.0910491  -0.3738792   0.52763116 -0.21697144 -0.19796032
 -0.2629084   0.04912196 -0.2507452  -0.30699676 -0.11549398  0.18207331
 -0.20601816 -0.23976046 ]
[ -0.34923112 -0.16295518 -2.0229282   0.25834233  1.2389672   0.21536592
 -0.293591    0.577455   -1.279574    0.39419118  0.12518203 -1.0923848
 -4.6439314   2.0762882   1.9920685  -0.29135862  0.64403445 -1.2066935
  0.15368548  0.05179646 -0.08762665  4.9436235   0.7797012  -0.10072041
 -0.18006733  0.09780444  0.40306443  0.09604499 -3.0484877   2.2814212
 -0.9825206  -0.17797257 ]
[ -0.2036209   0.11905351 -2.0380962  -0.07643769  0.70062506 -0.21880645
 -0.18299726 -0.5158954  -0.45569664 -0.89070696  0.33638075 -0.34501106
  2.449298    2.39408     0.05215126 -0.42284364  0.10414559 -0.16985275
 -0.20942543 -0.45580652 -0.0330244   4.638969   -0.7755816  -1.3251808
 -1.3237563   0.22480094  0.05320488 -0.07273009  1.409821    1.2048848
 -0.9266197  -0.4267277 ]
[ 0.01429514 -0.10650583  0.16462241 -0.26362532 -0.26165584 -0.2917327
 -0.21690387  0.08316366 -0.14318156 -0.23719797 -0.32517266 -0.03051349
 -0.24485302  0.02976355 -0.43438196 -0.14943741  0.20701021  0.01630113
  0.1388496   0.03014718 -0.22789183 -0.04107624 -0.05547545  0.01321661
  0.28271222  0.00304722  0.249679   -0.01464927 -0.13895285 -0.03812643
 -0.11065094  0.04626933 ]
[ 0.1939048   0.20544174  0.1394053   0.02554554 -0.3317241  -0.07557076
 -0.06100229 -0.2155356   0.25850773  0.0230044  -0.1256372  -0.22789012
  0.0829851   0.02773605 -0.430737    0.13205981  0.24093577 -0.15189217
  0.00143194 -0.24955569 -0.05796766 -0.22359599 -0.03891048 -0.5062837
  0.25470743  0.05063741  0.18893002  0.07787025 -0.17895369  0.2513563
 -0.14061174 -0.04083417 ]
[ -0.40765092 -0.1330035   0.28205764  0.07717439  0.0294255  -0.11476479
  0.18792926 -0.04352507  0.06493384 -0.18416424  0.11804292 -0.16127248
 -0.3821853   0.34138128 -0.4482605   0.02202198 -0.02107387  0.12360387
 -0.39483017  0.0140475  -0.17471029 -0.29897374  0.45072576 -0.02387195
  0.35399115 -0.24356641 -0.29848236 -0.3427103  -0.2547951  -0.02287024
  0.150074   -0.03220243 ]
[ -0.15922889 -0.00798517 -0.5792807  -0.13817601  0.25922832 -0.10584228
 -0.4409183   0.1116104  -0.33360216 -0.21211354 -0.25064683  0.2755796
 -0.00801158 -0.41585183  0.01337249 -0.39531353  0.20381866 -0.07829627
  0.08221491 -0.17433931 -0.18126716  0.565587    0.6618946   0.42627937
 -1.1735935  -0.26464728 -0.73538375  0.26466963  0.41840807 -0.86522186
 -0.730995    0.03642643 ]
[ 6.1110969e+00 -1.8639408e-01  7.5827084e+00 -9.0623426e-01
 -1.7696282e+00 -1.3122919e-01 -2.5534895e-01 -2.8844470e-01
 -4.8004956e+00 -3.6510129e+00 -1.2891695e-01 -2.3041856e+00
  5.9714562e-01 -5.7566934e+00 -4.4894302e-01  3.2500081e+00
 -3.3986443e-01 -5.5572400e+00  3.3226709e-03  5.6229486e+00
  1.5650405e-01 -6.4606152e-02 -8.5014133e+00 -4.4116511e+00
 -1.0578754e+01 -2.6751266e+00  2.2631317e-01  1.7693251e-02
  7.2098460e+00 -2.0866852e+00 -2.6982674e-01  3.8733358e+00 ]
[ 7.3045225e+00 -1.3198955e-01  9.1271658e+00 -7.5976628e-01
 -4.9279380e+00  2.8749117e-01  2.6512325e-03 -2.5730133e-01
 -2.2434969e+00 -2.5816984e+00 -1.5638342e-01 -2.8328846e+00
 -9.4795126e-01 -5.3356605e+00  4.8709363e-01  2.6604247e-01
 -1.5768845e+00 -8.9396677e+00 -1.4489122e-01  4.4887433e+00
 -1.0440060e-01 -3.0948679e+00 -8.2804699e+00 -3.0578833e+00
 -4.5066061e+00 -1.4250852e+00  1.7857839e-01 -9.6864894e-02
  5.1329646e+00 -1.1862124e+00  1.0576997e+00  2.1782331e+00 ]
[ -0.8068279   0.17234054 -0.24472608  1.1827163   1.045297    0.17405221
  0.3008494   0.15103346 -0.18080765  0.63992363  0.05387208 -0.036971
  0.92794263  3.6682544   2.9359202  -0.7101762   3.2238379   1.3051355
 -0.0833312   0.43471506  0.3082734   2.6776175   1.1135709   0.18929265
 -0.45185766  0.66453975  0.43179992 -0.18474872 -3.3177798   0.7383534
 -0.10661928 -0.8011585 ]
[ 1.306377   -0.2961533  -0.6227853   0.2917431   0.33589682 -0.31464544
 -0.02680012 -0.1694233   1.675061    0.0243354   0.10498658  0.5397528
  3.1696944   4.362954   -0.5459913  -0.80021095 -0.6249496   1.4900379
 -0.08007839 -1.6825292  -0.03210341  5.3993425   1.6439663   0.13200325
 -0.4683019   0.4206171  -0.13794912 -0.2740926  -0.36826012 -0.3637773
  0.531074   -1.319534  ]
[ -1.64997     0.15834919 -0.9434383  -0.55534357 -1.9231699  -0.14445268
 -0.5011148   0.28929123 -5.30326    -2.9489553   0.25932148 -3.2640324
  1.0719329  -2.9680448   0.13250472  3.8987556  -0.48926398 -6.8949246
  0.5460564   3.5890408   0.1987782   2.0819778  -6.208127   -4.198075
 -2.808564   -1.6466495   1.9663727  -0.09726675  4.0129137  -0.6522101
 -0.9408527   3.1184003 ]
[ -1.6875067  -0.15350774 -1.7565805  -0.93157923 -1.7475142  -0.29471487
 -0.35505137  0.26114234 -5.0218315  -3.3601966  -0.3249261  -3.4016325
  1.1029876  -1.5173118   0.66608286  3.8657844  -0.65495324 -8.264523
  0.43874052  3.9012134  -0.31156844  2.7201338  -7.8413334  -5.2407646
 -0.9719702  -1.865926    2.7304199   0.31587872  4.066773   -0.62355447
 -0.7111306   3.763487  ]
[ -15.380016    -0.1822673  -24.400694    -0.06383269   3.5811403
   0.04865178   0.16399789  -0.10117642  -1.0539596   -0.03664078
   0.13064212  -1.7184926    0.69523543  11.964419     2.4942212
   1.1231943   -1.4607452    6.545359    -0.26540008  -0.89188135
   0.14240249   9.089121     5.7988644   -1.6691359   14.60778
   0.90037537   2.0188422    0.324504    -5.674783     5.1162686
  -2.5655553   -0.7299892 ]
[ -2.0901773e+01 -3.3384085e-01 -2.7451441e+01  1.1569657e-01
  4.9353485e+00 -2.7379444e-01 -2.1603633e-01 -2.4384613e-01
 -1.5762058e+00 -2.3795803e-01 -2.5181323e-02 -9.1071373e-01
  8.9208144e-01  9.7739000e+00 -1.4118727e-01  9.8542595e-01
 -5.8417064e-01  7.8123903e+00 -2.6101947e-01 -2.1195190e+00
  1.2903485e-01  9.4005966e+00  7.6225133e+00  5.0147372e-01
  1.2179064e+01  1.2876682e+00  9.0001810e-01  3.0682853e-01
 -5.8085337e+00  4.4514813e+00 -2.8710513e+00 -1.4257584e+00 ]
[ -0.0247195  -0.17497541 -0.28315723  0.11854059  0.37748393 -0.00409734
  0.23069145 -0.03471744  0.10114016 -0.61363745 -0.23013261 -0.47415286
 -0.7570351   0.28732988  0.90585315 -0.23035909 -0.84116733  0.39509943
  0.02953412  0.22475997 -0.12752017  1.0735688  -0.05855527 -0.27494347
  0.09021335  0.20250961 -0.02224074 -0.16474503 -0.3097513   0.8083638
 -0.7229286  -0.12187365 ]
[ 4.2942142e-01  1.9379523e-01 -3.0545905e-01 -1.6120614e-01
  3.0511406e-01  1.7499328e-03 -1.5486020e-01 -1.7034682e-02
 -4.2958024e-01  1.6342393e-01 -2.1543306e-01 -5.8430368e-01
  2.9528943e-01  4.5458055e-01 -1.4269355e-01 -4.7641432e-01
 -8.7434369e-01  9.6870631e-01 -9.7874060e-02 -3.1810310e-02
  1.6996647e-01 -5.3989836e-03 -6.0093172e-02  4.0409553e-01
  7.4128807e-02 -7.0312925e-02  2.6991048e-01  3.1196824e-01
 -4.5940620e-01  1.8880415e+00 -7.3642522e-01  1.2500249e-01 ]
[ -2.5436766   0.         -2.7121844  -0.7181879  -0.98711556  0.
 -0.27350596 -0.01457684 -5.1367645  -2.9173827   0.         -3.0295117
  0.8243133  -2.5886211   0.22421835  3.2776332  -0.77062696 -7.0976
  0.12620422  3.4751053  -0.04861087  3.1417491  -7.0342846  -4.119413
 -2.5296938  -1.3693476   1.9832665   0.          3.4483335  -0.12521559
 -0.88384724  2.9412315 ]
Activation
relu
Dense
32 32
[ 0.4784712   0.53853744 -0.14158665  0.30554822 -0.04698049 -0.22830439
  0.7357906   0.81185704  0.20644332  0.03477526 -0.03141193  0.10090636
 -0.06825116 -0.15407997 -0.68842274 -0.10589796  0.18628314  0.09381761
 -0.5909378   0.13674086 -0.12850583  0.06801459 -0.16012627  0.7541035
  0.5453792   0.32911113 -0.29441044 -0.13603206  0.03643713 -0.1187074
  0.02037672  0.09442634 ]
[ 0.16926754 -0.15658422  0.1586932  -0.27738637  0.08086249  0.16597843
 -0.08607458  0.02278155 -0.20398884 -0.16145474  0.27333012  0.01321572
 -0.11351874  0.15433368 -0.0772029  -0.07583532  0.25778547 -0.0475682
 -0.27149078 -0.27161437  0.07360163  0.1693964   0.06128025 -0.06192514
  0.1117906  -0.00398108  0.27781168 -0.2811816   0.12940848  0.10761812
  0.25554535 -0.23921266 ]
[ -0.26156083 -0.7562781  -0.16138767  0.18832709 -0.03898405 -0.10025005
  0.05263893  0.02295442 -0.3471057  -0.15558852  0.1255786  -0.5112582
 -0.01411726 -0.31672662 -0.41072524 -0.07266021 -0.41918996 -0.12104955
  0.1629124  -0.15909398 -0.30938038 -0.14994204 -0.30658874 -0.5710519
 -0.19053817 -0.52748054 -0.3707348  -0.26145124 -0.11079886 -0.17490977
  0.15507993 -0.11107518 ]
[ -0.33961302 -0.23323983 -0.14593747 -0.32978064  0.01334187  0.16907945
  0.08546806  0.05630267 -0.06261487  0.18259738 -0.06824463 -0.03195491
 -0.12837738 -0.00791003 -0.18547529 -0.00085065  0.19172557  0.1374723
  0.01858704 -0.32099995 -0.01600755  0.16149572  0.07114309  0.04160514
  0.3705032   0.12473386  0.01864849  0.2588916   0.00561352  0.0434252
 -0.0010568  -0.08917139 ]
[ -0.27576464  0.09931581  0.09645855  0.03498296 -0.30554894  0.14068687
  0.02951684  0.10557456  0.04374951  0.12444118  0.10019287 -0.04047379
 -0.07936358  0.03258403 -0.18632573 -0.22533444 -0.06051524  0.07525987
 -0.4163162  -0.5243378   0.02609974  0.18969238 -0.20493881  0.24466102
  0.14934851 -0.26748946  0.0186102   0.49235076  0.05390895 -0.18530685
  0.01407468 -0.15049453 ]
[ 0.19565734  0.00856552  0.05866021  0.01805252  0.14998323  0.15027553
  0.22876081 -0.22711605 -0.23183845  0.06978577  0.10429937 -0.11388637
  0.11796433  0.29631582  0.02613178 -0.0513221  -0.25554806  0.17984954
 -0.09495246  0.11094379  0.03989848  0.27815166  0.13769197  0.04763654
 -0.00055847 -0.20435435 -0.00558665  0.25398543 -0.19167927  0.24817714
  0.28806826 -0.21817493 ]
[ -0.10831842  0.02259509 -0.18149376 -0.13456151 -0.01469472  0.18473147
  0.16265073 -0.05655689 -0.15801497  0.05445416  0.263062    0.01801369
 -0.0542343   0.16559683 -0.05977101 -0.24147896  0.10187275  0.263765
  0.07245173 -0.1636869  -0.06473433  0.22865453 -0.26886153 -0.04877218
 -0.12735276  0.19166937  0.25014368 -0.02498709 -0.02922491  0.00766644
 -0.16082877 -0.23383811 ]
[ 0.13808414 -0.28595728 -0.21368232  0.16653596 -0.28520033 -0.00477168
  0.12277625  0.07037847 -0.15677428  0.18801388  0.0460444   0.05436439
  0.21126692  0.11211687  0.04113439 -0.34079567 -0.29687417  0.17262213
  0.08589249  0.14436479  0.12486427 -0.16790418  0.21202853  0.31012115
 -0.06253459  0.21938504  0.1915738   0.24272898 -0.04825653  0.2026349
 -0.04219982  0.18922946 ]
[ 0.22214082 -0.28827345  0.16459256 -0.10104124 -0.06900565  0.3116434
 -0.04555864 -0.8131667  -0.08593537 -0.29625902 -0.31299645 -0.17675206
  0.10287289 -0.05319436 -0.00800416 -0.14334661 -0.21032046 -0.00861216
  0.10968271 -0.19975327 -0.01426004 -0.18155082 -0.08790409 -0.31670433
  0.3775663  -0.12945662  0.07026663 -0.1687353  -0.10442749 -0.09398061
  0.28992936  0.15877901 ]
[ 0.03692987 -0.07775474  0.18557878 -0.09021024 -0.13955638  0.10070785
  0.27618542 -0.08181092  0.06140756  0.2595322  -0.11576556 -0.38363364
 -0.14601247 -0.13299343  0.1215459   0.34523708  0.14277366 -0.28068778
 -0.12385089  0.02077257  0.11774307 -0.01138673  0.24612495 -0.5322607
 -0.17466041  0.06054122 -0.13473769 -0.31197587  0.15946418 -0.30298027
  0.00462864  0.05292081 ]
[ -0.05925815  0.12335315  0.26518586  0.03035325 -0.22792342  0.06540829
 -0.29450577 -0.14842962  0.12648326  0.26378295 -0.17061082 -0.09808733
 -0.04916203  0.21432236 -0.07759747 -0.2551096  -0.23293483  0.30291268
 -0.15646406 -0.28244582  0.18634966  0.03670055  0.15122977 -0.02964687
  0.04103366  0.18573192  0.16290766  0.20987347  0.14445701 -0.11241104
 -0.11382352  0.09040973 ]
[ -0.21557644 -0.30315045  0.05429994 -0.28961396 -0.04117963  0.36434513
 -0.20238726 -0.03971556 -0.23695295  0.01984322 -0.06648909  0.09698983
 -0.23306336 -0.19607855  0.04876538 -0.00594394 -0.24966712 -0.30613607
 -0.22277209  0.11586414 -0.11422259 -0.11612727 -0.05910437  0.05204562
 -0.20398532 -0.16323401 -0.05321682  0.16833389 -0.33569098  0.26587918
  0.05456246 -0.09781837 ]
[ 0.10012412  0.13010445  0.1550355   0.19814879 -0.07919435  0.18263586
  0.22304632 -0.14940862 -0.22022808 -0.03875855 -0.2260105  -0.14324343
 -0.06164436  0.1972921  -0.33398736  0.48922122  0.1580372  -0.25287488
 -0.09836441 -0.11093894  0.01917093  0.15786411 -0.305834   -0.05535109
  0.3444228   0.00637506 -0.1513058   0.22972569 -0.00438197 -0.22982882
 -0.05110429 -0.07507968 ]
[ 0.12674305  0.800905   -0.05030933 -1.2959206  -0.12186754 -0.16208643
 -0.8237691   0.7029435   0.12174684  0.33360875 -0.3103966  -0.22029911
  0.13280638  0.35859975  0.09888663  0.18072169  0.01693789 -0.234856
 -0.01248362 -0.09135774  0.18082196 -0.2691952   0.15128018  1.0774558
  0.71605754  0.79554373 -0.16410324  0.44772422 -0.04317019 -0.12943617
 -0.02859564  0.07050721 ]
[ 5.87302923e-01  1.86891866e+00  1.10447407e-01  1.06911346e-01
  5.56877553e-02  4.21065539e-01 -1.70170099e-01  6.32924557e-01
 -6.06410438e-04  8.03641975e-02 -3.21005285e-01  1.12520449e-01
 -2.23091677e-01  7.83174574e-01  9.24761474e-01 -2.52128303e-01
 -1.60673797e-01 -2.78297156e-01 -1.22105725e-01  6.48300126e-02
  1.59191179e+00  1.77730307e-01  2.47135162e-02  3.05179548e+00
  1.08645225e+00  2.04781699e+00  9.90642905e-02  8.54272127e-01
 -4.88638222e-01 -1.91195279e-01 -5.61293244e-01  2.32322127e-01 ]
[ -0.2392671  -0.11551981  0.01025191  0.00315236 -0.11228058 -0.04856118
 -0.4069033   0.02537984 -0.12758483  0.12048031  0.10265588 -0.15365848
 -0.01387273 -0.06278268  0.02208203 -0.17190766 -0.06432332 -0.02297595
  0.15586163  0.05377407  0.04873861 -0.03232111 -0.2990738   0.09425367
  0.25230345 -0.26500013 -0.16407457 -0.6951451  -0.33022314 -0.22567749
 -0.03471196 -0.3235853 ]
[ -0.3654019   0.50695026 -0.11642661 -0.16714346 -0.12834792 -0.04505986
 -0.37436718  0.2688502  -0.2473133   0.68028295 -0.20162596 -0.08930061
 -0.00883737 -0.18331604  0.14216478 -0.17440793  0.08025149 -0.15816058
 -1.2837789  -0.04746534 -0.26215464 -0.14058134 -0.2833845   1.4709736
  1.5763731   0.6267428   0.26202074  0.24917465  0.11446887  0.2143741
  0.17321838  0.1180642 ]
[ 0.40598053  0.16796465 -0.33824968 -0.36132014 -0.3159773  -0.17723341
 -0.17463142 -0.19111861 -0.35075894 -0.33066782 -0.57203096 -0.05856724
 -0.00104227 -0.10290468  0.13163157 -0.11090425 -0.14831959  0.20422193
  0.0207992  -0.14869916  0.1165596   0.0660504  -0.09662376 -0.49157223
  0.23487459  0.25057587 -0.1842089  -0.27172497 -0.42531928 -0.28475046
 -0.01196908 -0.32120776 ]
[ 0.279973   -0.15924247  0.11668307 -0.04043742 -0.13470553  0.11057738
  0.08066454  0.22311051 -0.24224232 -0.09545018  0.02433183  0.09161114
 -0.23866253 -0.04730891 -0.04243773 -0.02064098  0.0622382   0.12872356
  0.25902268  0.00498477  0.17388491 -0.01576781 -0.29446995  0.43719843
  0.05287091 -0.33192632 -0.06356576  0.11789333 -0.40292418  0.22213271
  0.06920872 -0.22516093 ]
[ 0.47798562 -0.07632773 -0.29920232  0.255338   -0.00549011  0.09108109
  0.20099393  0.1621541  -0.44194052 -0.370719    0.22378042 -0.05864552
 -0.24215946  0.29782522 -0.21569861 -0.00503344 -0.08863734  0.16643874
 -0.15254134 -0.28229672  0.10303487 -0.32218656  0.08549129  0.38359606
  0.2893875   0.0646622  -0.31151938  0.02297348 -0.08059274 -0.25870582
 -0.01108863 -0.02784838 ]
[ 0.11922395  0.24453738 -0.19332518  0.16613327 -0.1682781   0.2549817
 -0.06789421  0.11581752 -0.31512567  0.02808438 -0.03033685  0.283598
 -0.2932159   0.13707185 -0.20358373 -0.29852226  0.15578881 -0.02297203
 -0.22430679 -0.1316088   0.01633093 -0.13600436  0.09327418 -0.21558571
 -0.2156247  -0.03611276 -0.10375486 -0.0101315   0.09425657 -0.27572766
 -0.07869101  0.14479099 ]
[ 0.47439367  2.4548028   0.10022605  0.11484145 -0.36641467  0.03912088
  0.01551768  0.09663697 -0.38764405 -0.47901094  1.3016495   0.2772139
  0.02311345  0.45654276  0.5948028  -0.04184709  0.08084055 -0.2576248
 -0.35916674 -0.19436641  1.6575009   0.03669376 -0.07590503  1.6445571
  0.7145168   2.6757166   0.02620191  0.0268398  -0.28322548  0.03082007
 -0.7222433  -0.19457856 ]
[ -0.29986447 -0.25680923 -0.09250274 -0.87232643 -0.24274093 -0.3706619
 -0.51022017 -0.86294705 -0.17286034 -0.29981545 -0.19206685  0.22299117
 -0.4017636  -0.32488248  0.05455525 -0.11664393 -0.46423095 -0.2573241
 -0.11988664 -0.3890547   0.21547137 -0.3043539  -0.18648307 -0.5388377
 -0.7232498  -0.30130282 -0.23449884 -0.23556532 -0.19317228 -0.26656634
  0.11372555 -0.36752546 ]
[ -0.29834408  1.4321591  -0.2639628   0.01295805  0.13972618 -0.07694647
 -0.0428448   0.20631747  0.11734228  0.02599776  0.05319322  0.00531752
 -0.00826027 -0.13570242  0.67043644 -0.05820443 -0.3644334  -0.3403138
 -0.6983641  -0.18509543  0.17882422 -0.27691266 -0.15122436  0.37377295
 -0.01270306  1.2129387  -0.24666812  0.26693287 -0.27954963  0.03731397
  0.02365779 -0.11576393 ]
[ -0.15785058 -0.61709565  0.00664356  0.11435667 -0.01126034 -0.24998513
  0.17313942  0.21414654 -0.28489098 -0.3779304  -0.47699934 -1.2924145
 -0.2548838  -0.06122759  0.0774793   0.0472744  -0.078695   -0.3842808
  0.36857206 -0.20454572  0.60405654 -0.01505693 -0.07407597  0.34336746
  0.13481319 -0.5644923   0.13447024 -0.02026156 -0.40411857  0.19406001
 -0.1383919  -0.13272603 ]
[ -0.11159535 -0.18599407 -0.34147248 -0.09484933  0.08046272  0.12116573
 -0.04898297 -0.17604937 -0.21158251 -0.27766907  0.01325526 -0.06315973
 -0.14081864 -0.19088604  0.02613953 -0.02665707 -0.07785604  0.13859753
  0.06499125  0.00771147 -0.19583857 -0.17750499  0.03462726  0.00434913
 -0.0852014  -0.15398687 -0.13892333 -0.05118384 -0.37388453 -0.00510085
 -0.00594171  0.15182245 ]
[ -0.11519571 -0.09169711 -0.2960638  -0.16905433 -0.3254006  -0.2717143
  0.1530916  -0.12750582 -0.30637023 -0.22707461  0.19446136 -0.26817718
 -0.07169106 -0.07750172 -0.18340354 -0.10923479 -0.21481259 -0.00619559
  0.02014412 -0.08264967  0.15394977 -0.22302175  0.11938041  0.49230143
 -0.03594874  0.01020176  0.12104616  0.299055   -0.32245407 -0.15398489
 -0.00767754  0.00697919 ]
[ -0.09108672  0.03944516  0.23918119 -0.00640833  0.04120222 -0.1215515
  0.07662767 -0.11942011  0.16283423  0.26412728  0.13861623  0.02988976
  0.2066963   0.2957591  -0.11941077  0.10836798 -0.07293983 -0.25045964
 -0.14789556  0.17121679  0.18285075 -0.22017822 -0.00839916 -0.0540292
 -0.06290518  0.1749523  -0.23493199 -0.21698657  0.24705628  0.29045478
  0.09880361  0.28742257 ]
[ 0.7913646   0.9203197  -0.33147955  0.57481676 -0.17529765 -0.2445325
  0.8286899   0.5115444  -0.06431475 -0.36180902  0.3423496  -0.20108044
 -0.0486751  -0.01628907 -0.520076   -0.21510717 -0.23425744 -0.24716823
 -0.6434648  -0.1428553  -0.17622384 -0.3239817  -0.11686377  1.3582816
  0.9627623   0.61191666 -0.04473524 -0.38789648  0.05468766 -0.16333348
 -0.10895662 -0.31493488 ]
[ 0.5573945  -0.3051682  -0.42507845 -0.72736454 -0.13775247 -0.05403854
  0.28904042  0.94492483  0.02608299  0.30256897  0.66450125 -0.44389358
  0.03317245  0.2701321   0.57822406 -0.17816335 -0.2523578  -0.23894784
  0.05464946  0.07621708  1.5949557   0.09277716 -0.2795616   1.9892712
  1.4019718  -0.17389737  0.17444125  0.29932263  0.02707128 -0.05263978
 -0.41747785  0.0177531 ]
[ -0.31014392 -0.20567769 -0.1076069  -0.33835977 -0.30285636 -0.03496175
 -0.3810617   0.30253553 -0.06345352  0.09976886  0.19879916 -0.1999383
 -0.27691624 -0.18175055  0.42607787 -0.19217366 -0.33472404  0.04686574
 -0.27046102  0.00453733  0.07518183 -0.145253   -0.03256388  0.0389703
  0.15340702 -0.21148784  0.04102886  0.05301261  0.10001118  0.26887912
  0.10626902  0.03259614 ]
[ -0.16449316  0.16571206  0.05264104 -0.371093   -0.34333825 -0.50286883
 -0.24961387  0.39122596  0.11747766 -0.0552083  -0.07638057  0.01797009
 -0.17072344  0.09846467 -0.11749271  0.08644482  0.08140048  0.09814292
 -0.40333185 -0.07083196 -0.10637197 -0.11009445 -0.12563959  0.47199583
  0.2187297  -0.04076269 -0.32948774  0.46073174  0.09578487 -0.11919227
  0.09943424 -0.22929163 ]
[ -3.72564122e-02 -1.79719791e-01 -3.27199042e-01  9.23885942e-01
 -1.26628011e-01 -1.62102088e-01  1.21823892e-01  7.94891492e-02
 -1.59369677e-01 -3.96855295e-01  3.71194172e+00 -1.32112670e+00
 -5.01994848e-01  3.04914808e+00 -5.39509869e+00 -3.20048392e-01
 -1.50645837e-01 -1.23061305e-02 -5.61070889e-02  5.44672191e-01
 -5.42965841e+00 -4.06878181e-02 -1.16983727e-02 -4.22095209e-01
  8.67382586e-01 -3.87603074e-01 -1.08808294e-01 -1.54681635e+00
 -6.92829788e-01 -1.13012851e-03 -7.41398573e+00 -5.35626002e-02 ]
Activation
relu
Dense
32 32
[ -0.7033269  -0.19279212  0.23042038  0.27330485 -0.08588096  0.61712885
  0.13401896 -0.2736146   0.33677828 -0.32390717 -0.6061802   0.11342917
  0.26705143  0.52443707  0.36681235  0.8256546  -0.15128388  0.2915854
  0.256203   -0.01388065  0.67969364  0.00640589 -0.06505669 -0.8762874
  0.10278551  0.25916392  0.1144101   0.36411437 -0.03259586 -1.7883176
  0.14481229  0.6214358 ]
[ -1.8752784e-01  1.0253300e-01 -2.3876826e-01 -6.3631415e-01
  8.6983465e-02  3.6230326e-01  5.9065437e-01 -2.1930372e-02
  5.9611422e-01 -1.2022338e+00 -2.9492575e-01  9.4622040e-01
  2.6238859e-01  1.0006622e+00  3.7225303e-01  8.4093982e-01
 -4.5807898e-02  2.9765111e-01  1.6765447e-01  1.4379403e-03
  3.3043307e-01  3.0937409e-01  1.0424232e-01 -2.7930501e+00
 -1.9064437e-01 -1.7551251e-01  7.6470876e-01  2.8620851e-01
  2.8926983e-01 -1.6989067e+00  1.2980214e-01  8.7990922e-01 ]
[ -0.02659771 -0.12587665  0.26027155  0.4662075  -0.13822141  0.27789488
 -0.11977582  0.2912242   0.12034936  0.2630797  -0.24808086  0.3772871
  0.04759569 -0.04182392 -0.35575527  0.08706101 -0.00184283  0.42212754
  0.04978133 -0.14124267  0.03980864  0.04666206  0.10566427  0.19038717
  0.02983707  0.20144363 -0.07438324  0.25389022  0.30049914  0.36439782
 -0.11481915  0.15755296 ]
[ -0.992882   -0.1663219  -0.8944135  -2.183205   -0.26533186  1.9804541
 -0.02190453  0.349804    1.9885963  -2.2139728  -0.30328178 -0.7974431
 -0.13505377 -0.2886994  -0.6202911   0.35754764 -0.05006918 -0.5207182
  0.10619213 -0.08307723  0.03351956 -0.08257426 -0.2743209   0.07359543
 -0.5035878  -0.7622247  -0.4691671   0.05640027  0.7886184  -0.17440331
 -0.35921404  0.378153  ]
[ 0.01858228 -0.09073389  0.23387834  0.14715025  0.10894936  0.04440099
  0.00108644 -0.03985317 -0.10102566 -0.22287829 -0.1459725   0.06432015
 -0.20484282  0.00108506 -0.0199777  -0.20639037  0.26827723 -0.19998205
 -0.01076732 -0.14521548  0.11523604 -0.24664386 -0.31018558  0.16725156
  0.12121856  0.21330807 -0.20602156  0.19438788 -0.09199093 -0.2198752
 -0.17950664 -0.00968488 ]
[ -0.08380836  0.11770181 -0.23621526  0.09122469 -0.04486451 -0.34469905
  0.2277709  -0.26306126 -0.43158448 -0.09610525  0.31416664  0.2182008
  0.14567758  0.12488981  0.07975346 -0.3054065   0.22772373 -0.06721161
 -0.01012396 -0.11494289 -0.01107753  0.04792485  0.19136414  0.10889191
 -0.11820161 -0.02419641  0.29778042  0.27472848  0.2897704   0.00133731
  0.23568287  0.09318594 ]
[ -3.4860161e-01 -2.5566936e-01 -4.5742817e-02 -7.0475483e-01
  1.8329670e-01  9.5737517e-01  8.2517862e-02  8.1515491e-01
  1.1875826e+00 -5.9633565e-01  6.7062989e-02 -1.5545243e-01
 -1.6315277e-03  1.5050797e-01  1.0280373e+00  5.5201602e-01
 -3.7683252e-01 -3.6560662e-02  1.3836496e-01  7.5229671e-04
  1.6220117e-01 -1.0299177e-02 -5.4910797e-01 -2.0901908e-01
  6.4675007e-03 -7.1900326e-01 -3.8622454e-01  9.1074497e-02
  3.4914958e-01 -1.0081598e+00 -3.6577502e-01  6.9577813e-01 ]
[ -0.52162224 -0.03931115 -0.6968054  -1.9349576  -0.12862448  1.4397314
 -0.27902228  0.42889965  1.8770326  -1.2319632  -0.22422126 -0.39432436
 -0.41366303  0.435448    0.37349367  1.009833    0.27906796 -0.64827067
  0.2052749  -0.29488167 -1.074773    0.21400814 -1.0229003  -0.5423477
 -0.22999778 -0.11581153 -0.01366054  0.26480392  0.96208537 -1.038371
 -0.61961645  0.6179091 ]
[ 0.13644975 -0.16953129 -0.05631177  0.18634205 -0.19555406 -0.22473936
  0.06996968  0.08311844 -0.08292417 -0.13066381  0.27191934  0.2955486
 -0.00716547  0.22337402  0.03674512  0.28380504 -0.21375534 -0.2646934
 -0.11535576  0.06451563 -0.18809363 -0.06996527 -0.18641117  0.09781944
 -0.2060354  -0.06228719 -0.26851487  0.21890225 -0.06397606 -0.15957788
 -0.03077039 -0.2211791 ]
[ 0.09131666 -1.0168521   0.12169682  0.07457744 -0.25194252  0.06335556
  0.15555957 -0.07209133  0.02930092  0.16005217 -0.17558755  0.25130823
  0.12925494 -0.03859203 -0.22184107 -0.5180367   0.03836467  0.37487218
  0.01080072 -0.14919883  0.00975076  0.06521337  0.04640221  0.03642368
 -0.12220017 -0.08608012  0.03059487  0.05468469 -0.06708091  0.02816102
 -0.16348097 -0.26796576 ]
[ 1.1563133e-01 -1.2118839e+00  1.9722399e-01  4.6498820e-01
 -3.3844557e-01  7.9900637e-02 -1.2577579e+00  4.7249857e-01
  6.4159662e-02 -3.7621051e-01 -1.3405260e-01  8.5546456e-02
 -3.2499385e+00  3.6014658e-01  4.2287505e-01  8.4921479e-01
 -1.6376415e+00  2.1859236e-01 -1.4706471e+00 -4.5584708e-01
 -9.7467440e-01 -2.2878445e-04  2.2018002e-01 -3.5744236e+00
  9.0401804e-01  1.5148994e-01  1.6663763e-01 -5.1354694e-01
  4.8624346e-01 -1.3239398e+00 -1.8293982e+00  1.0871288e-01 ]
[ 0.11319464 -1.1348088  -0.07348259  0.21246673 -0.32884118 -0.25639775
 -0.19795294 -0.1925678  -0.2317823  -0.06512105 -0.55618685 -0.59361285
 -0.01083989 -0.27001438  0.5369025   0.49998182 -0.792312   -1.0115566
  0.00330412 -0.41696778 -0.21715084  0.07696718 -0.33394852  0.35531247
 -0.76650673  0.3092962  -0.08721246 -0.08494882  0.08013032  0.74786884
 -0.0105562  -0.22489731 ]
[ -0.24916624  0.07771736  0.00714564  0.15166359  0.14383356 -0.2111965
 -0.196721    0.20229793  0.06236524 -0.10819153 -0.08521416 -0.09749133
  0.05151732  0.25053364 -0.06321728 -0.20957258  0.20795844 -0.05834376
 -0.08340275  0.24695323  0.01546755 -0.19452079 -0.03363125  0.1794354
 -0.23270251 -0.22262314 -0.08724451  0.09526593  0.11031631 -0.36454463
  0.12483104 -0.2925622 ]
[ -0.22435398 -0.52095187 -0.52720857  0.04297012 -0.2477693  -0.15061404
 -0.0268664   0.030069   -0.6683683   0.0758917   0.25231698 -0.27527586
 -0.09091417  0.08877428  0.04107365 -0.2800304   0.18049625 -0.3277281
 -0.06942736 -0.2028473  -0.2170271   0.01950344  0.21710628 -0.28118688
 -0.4099571   0.24973743 -0.3035314  -0.1328208  -0.20325084 -0.24361725
  0.02052254  0.11703546 ]
[ 0.5401319   0.80605143 -0.21620728 -0.5777449   0.05313713 -0.7242417
  0.13973986  0.27358693 -0.17336999  0.00606941 -0.35582766  0.23782676
  0.05933515 -0.02058239  0.10361055  1.3623028  -1.1538366  -0.5502763
  0.17575255 -0.2868793   0.12527451  0.04244658  0.1239286  -1.9593104
  0.35111007  0.21944544  0.19120467 -0.11616158 -0.07863446  0.05411078
  0.04268972 -0.13755298 ]
[ 0.51645625 -0.46892738  0.4057925   0.71737564 -0.19440703 -0.4579407
  0.01762906 -0.173053   -0.6732453  -0.00678361  0.14597353  0.1402507
  0.27868712 -0.07770479  0.0051205   0.13201185  0.02433622  1.2039497
  0.16729698  0.13762583 -0.11658715 -0.18855898  0.0275371   0.04523659
  0.20804326  0.33474562  0.33653775  0.36350217 -0.02209102 -0.06785536
  0.06158164 -0.4991222 ]
[ -0.01844901 -0.14479785 -0.17934467  0.32181868 -0.17731537  0.29177004
  0.31567907 -0.07827938 -0.20945366  0.25460875  0.06228963  0.15377626
  0.20839158 -0.06052754  0.15580963  0.10879248  0.05551189 -0.28981185
 -0.08508132  0.02188603 -0.11183695  0.16094407  0.3063673   0.22019866
 -0.10793647  0.2564175   0.20893696 -0.33637285 -0.11868558  0.27817625
  0.24851751 -0.1700745 ]
[ 0.45128748 -0.23730463  0.22652684  0.13237691 -0.04920461 -0.23988652
  0.30831203  0.0122202  -0.28937438  0.09682275 -0.35055307  0.37110004
  0.24998678  0.24872099 -0.23421103  0.13085046 -0.07336409  0.2865281
  0.2909864   0.17797981  0.2423044  -0.00533717  0.21089897 -0.08947301
 -0.21760763 -0.3365943   0.17960581 -0.06784195  0.21336001 -0.36469012
 -0.14021921  0.24032639 ]
[ 0.05430312 -0.739705    0.07477546  0.11526178 -0.34610844 -0.8778404
 -1.1842747   0.13592763 -1.2993686  -0.13666853 -0.5670948  -0.09192413
 -0.17598245  0.06249498  0.36649752  0.236927    0.25051978 -0.52709574
 -0.5311658  -0.3496861   0.10804108  0.00237737  0.1329114  -1.8035444
 -0.34175622  0.06545776 -0.06453248  0.01570541 -0.09598536  0.30556396
 -0.17111683 -0.7989138 ]
[ 0.18780966 -0.7393804   0.1910528  -0.03339653  0.1076328  -0.32522672
  0.114419   -0.25028798 -0.36929965  0.06569268 -0.01079004  0.4079865
  0.04576663 -0.08261461 -0.35282835 -0.09880324 -0.26123127  0.06314462
 -0.20202474  0.3581362   0.20677884 -0.11419612  0.0013131  -0.27413735
 -0.04715093 -0.33122912  0.02944519 -0.5135645  -0.06806322  0.29140574
 -0.07953023 -0.11852649 ]
[ -0.75773257  0.3096961  -0.36370227 -0.48850515  0.00586687 -1.7455835
  0.00935462 -0.5256926  -1.0307541  -0.16583736 -0.0682511  -1.10906
  0.03270758 -0.14834026 -1.1082567  -0.7458691  -0.10146528 -0.575121
 -0.02958698  0.05964383 -0.17670529 -0.11998818 -0.18894202 -0.5398281
 -0.8883584   0.43244663 -0.24683474  0.17173935 -0.2047336  -0.4818586
  0.0241169  -0.06188756 ]
[ -0.09753332  0.30358133 -0.2766774  -0.3272119   0.04142514  0.02665481
  0.15187688  0.20559266 -0.09945878 -0.30631486 -0.20307538  0.24562845
 -0.264509   -0.07706173  0.20137444  0.2757608   0.00950736 -0.2991306
  0.26686212  0.02289104 -0.11464243 -0.23913558  0.13739571  0.25977346
  0.19362211 -0.04923211  0.2203637   0.11988151  0.16737923 -0.14769794
 -0.26083332 -0.0852796 ]
[ 0.16643438  0.09211558  0.12676418  0.02420732  0.27461788 -0.15322496
  0.0639379  -0.13279395 -0.07402979  0.01877251 -0.02813563  0.26726964
  0.32736897  0.0073342  -0.2878966   0.26409194 -0.25763324  0.08888459
 -0.3056548   0.10250677 -0.2151002  -0.02305235  0.08486245 -0.09315446
 -0.26138312 -0.09104985  0.01298216  0.00330135 -0.0486041  -0.13994324
 -0.17417909 -0.05814306 ]
[ -0.46437782 -0.8341468   0.49242505 -0.5398995   0.70935607  1.110916
  0.94307524  0.31542647  0.15867615 -0.19797081 -0.41820323  0.10173483
  0.04588947  0.4611642   0.4299345   0.3761092  -0.35501713 -0.56155133
  0.08285685  0.18521959 -0.3336949   0.37044254 -0.5552199  -1.3754026
  0.7097526   0.01161516  0.5908657   0.04446375  0.09055977 -2.0933604
 -0.00276089  0.2788946 ]
[ 0.4035582  -0.34812975 -0.55418164  0.8495943   0.22786652  0.8881353
  0.08478683 -0.03113261  0.23002361 -0.8976608  -0.44523177 -0.5679016
  0.2000363   0.45410764  0.1724551   0.52860075  0.19799596  0.3178876
 -0.08237098 -0.0889886  -1.4383208   0.07572366 -1.440066   -0.5398809
  0.14710407 -0.17542239  1.1902049   0.07315636  0.14398542 -1.8578956
  0.5759225   0.6190454 ]
[ 0.06683055 -0.00453285 -0.35641855 -0.99074215  0.11933257  0.6660621
  0.49475524 -0.23875672  0.20991182 -0.4403897  -0.24873996 -0.16545582
  0.20751078  0.524298   -0.08716971  0.8137502   0.28220624 -0.18499377
 -0.05030424 -0.139541    0.26106173  0.16777562  0.14528164 -2.435665
  0.84942704 -0.17085505 -0.4443198   0.20207417 -0.20078653 -2.1407564
  0.14508556  0.5267219 ]
[ -0.23400047 -0.22838011  0.07943308 -0.11547936 -0.07686062  0.21365152
  0.1683748  -0.17515342  0.20881517  0.31718162 -0.28311297  0.06328127
  0.11917422  0.1549705   0.2052041  -0.02471453 -0.17364746 -0.2544862
  0.20313664 -0.18743043 -0.06269386 -0.03683287  0.05606867 -0.00472167
  0.19870993 -0.12965816 -0.00425954 -0.01627244  0.26300272 -0.25669378
 -0.2953594  -0.01044689 ]
[ -0.07557252 -0.3989099   0.1415661  -0.00479808 -0.02794145 -0.08413397
  0.37272823  0.46835154  0.01167358 -0.1614146  -0.76377374 -0.17774796
 -0.00650273  0.0603346  -0.42550597 -0.21335205  0.10788465  0.5574079
  0.03226014  0.12380105  0.5258361  -0.00107511  0.46317777  0.07943532
  0.3211261  -0.10018498  0.08681621 -0.11994438 -0.15382011 -0.8758757
 -0.01494213 -0.12947862 ]
[ 7.24665001e-02 -6.56780660e-01 -3.88046494e-03 -1.73764965e-05
 -3.29301000e-01 -3.83587807e-01 -4.15517747e-01  3.31648529e-01
 -2.76259575e-02  5.81934955e-03 -3.09176356e-01  2.37224507e-03
 -1.83208928e-01  2.21102327e-01  4.17468362e-02  3.67049158e-01
  3.34283710e-02  1.38357833e-01  6.53461069e-02  2.51511872e-01
  1.05580099e-01 -1.04889594e-01  2.04288274e-01 -9.50971246e-02
 -3.24980736e-01 -6.63873479e-02  1.76333979e-01 -3.85453954e-04
  2.22627595e-02 -2.44438440e-01 -3.76002975e-02  2.15982571e-01 ]
[ 0.09365019  0.30222842 -0.03439519 -0.0391871   0.24177358 -0.08832665
 -0.20090011 -0.21280181  0.01225027  0.2255337   0.05093807 -0.22423494
  0.21767703  0.2782158  -0.01384681 -0.17534746  0.1827065   0.19794199
  0.03234348  0.26760188 -0.12051331 -0.03293535 -0.03282678 -0.05284774
  0.13453633  0.03262446  0.19363621 -0.09578737  0.28894892 -0.23341906
  0.1120632  -0.08285628 ]
[ 0.11987616 -1.4116566   0.10111412  0.31747732 -0.42009652 -0.22319324
  0.0550199  -0.27774277 -0.42119092  0.11294799 -0.40116602  0.16175857
  0.34599528 -0.7783155  -0.79140574 -1.9994766  -0.843041    0.25695935
  0.28581786 -0.854062    0.34416884 -0.5242449   0.41113433 -0.81447005
 -0.4948698  -0.01708276 -0.09176648  0.3501268  -0.8161959  -0.24915704
  0.4065049  -0.5106277 ]
[ -0.141073   -0.14053711 -0.15393892  0.01771773  0.10850862  0.09889901
 -0.13357799  0.3430609   0.22876807 -0.34930056 -0.19920045  0.25615793
 -0.19824685 -0.00278754  0.26688233  0.20518759 -0.25787127  0.12508786
  0.24480377 -0.02102412 -0.19779146 -0.02914431  0.0310342  -0.16817366
  0.27044418 -0.17258637 -0.00862443  0.14040093  0.30243745 -0.114388
 -0.22570823 -0.26192048 ]
[ -0.48070204  0.36312452 -0.32006422  1.2543644  -0.24459831  1.5487173
  2.039089   -0.73567724  1.7415867   3.0752301  -0.30865917 -0.57975864
 -4.1892176   3.9433935  -0.6997164  -0.5820436  -1.1999098  -1.1085762
 -3.5489318   0.06714004  1.8340441   4.2192383   1.1326314   1.3713005
 -0.23944463 -2.3295424  -0.01145406 -4.1467705  -0.9911691  -2.236739
 -4.0752425   2.6551597 ]
Activation
relu
Dense
32 1
[ 0.04918077 ]
[ 0.6045286 ]
[ 0.03290354 ]
[ 0.13775173 ]
[ 0.06592624 ]
[ -0.3734005 ]
[ 0.08337712 ]
[ -0.17318423 ]
[ -0.14411259 ]
[ 0.3322034 ]
[ 0.0751165 ]
[ 0.391827 ]
[ -1.8442506 ]
[ -0.60056573 ]
[ -0.1668378 ]
[ -0.8166169 ]
[ 0.10031714 ]
[ 0.47540268 ]
[ -0.09999415 ]
[ -0.02860999 ]
[ 0.10675754 ]
[ -0.9905253 ]
[ 0.08970334 ]
[ 0.5210727 ]
[ 0.41132486 ]
[ -0.27032936 ]
[ 0.35537493 ]
[ -0.46277395 ]
[ 0.00476051 ]
[ 0.21003295 ]
[ -1.0429419 ]
[ -0.17528385 ]
[ 1.3341627 ]
Activation
sigmoid
